7.0000   7.3500   0.3950   16731161
7.0000   7.3500   0.4500   16731136
7.0000   7.3500   0.5050   16731161
7.0000   7.4000   0.3400   16724787
7.0000   7.4000   0.3950   16724761
7.0000   7.4000   0.4500   16724736
7.0000   7.4000   0.5050   16724761
7.0000   7.4000   0.5600   16724786
7.0000   7.4500   0.2850   16718156
7.0000   7.4500   0.3400   16718131
7.0000   7.4500   0.3950   16718105
7.0000   7.4500   0.4500   16718080
7.0000   7.4500   0.5050   16718105
7.0000   7.4500   0.5600   16718130
7.0000   7.4500   0.6150   16718156
7.0000   7.5000   0.2850   16711756
7.0000   7.5000   0.3400   16711731
7.0000   7.5000   0.3950   16711705
7.0000   7.5000   0.4500   16711680
7.0000   7.5000   0.5050   16711705
7.0000   7.5000   0.5600   16711730
7.0000   7.5000   0.6150   16711756
7.0000   7.5500   0.2850   16718156
7.0000   7.5500   0.3400   16718131
7.0000   7.5500   0.3950   16718105
7.0000   7.5500   0.4500   16718080
7.0000   7.5500   0.5050   16718105
7.0000   7.5500   0.5600   16718130
7.0000   7.5500   0.6150   16718156
7.0000   7.6000   0.3400   16724531
7.0000   7.6000   0.3950   16724505
7.0000   7.6000   0.4500   16724480
7.0000   7.6000   0.5050   16724505
7.0000   7.6000   0.5600   16724530
7.0000   7.6500   0.3950   16731161
7.0000   7.6500   0.4500   16731136
7.0000   7.6500   0.5050   16731161
7.0500   7.2500   0.3400   15040307
7.0500   7.2500   0.3950   15040281
7.0500   7.2500   0.4500   15040256
7.0500   7.2500   0.5050   15040281
7.0500   7.2500   0.5600   15040306
7.0500   7.3000   0.2850   15033932
7.0500   7.3000   0.3400   15033907
7.0500   7.3000   0.3950   15033881
7.0500   7.3000   0.4500   15033856
7.0500   7.3000   0.5050   15033881
7.0500   7.3000   0.5600   15033906
7.0500   7.3000   0.6150   15033932
7.0500   7.3500   0.2300   15027302
7.0500   7.3500   0.2850   15027276
7.0500   7.3500   0.3400   15027251
7.0500   7.3500   0.3950   15027225
7.0500   7.3500   0.4500   15027200
7.0500   7.3500   0.5050   15027225
7.0500   7.3500   0.5600   15027250
7.0500   7.3500   0.6150   15027276
7.0500   7.3500   0.6700   15027301
7.0500   7.4000   0.1750   15020927
7.0500   7.4000   0.2300   15020902
7.0500   7.4000   0.2850   15020876
7.0500   7.4000   0.3400   15020851
7.0500   7.4000   0.3950   15020825
7.0500   7.4000   0.4500   15020800
7.0500   7.4000   0.5050   15020825
7.0500   7.4000   0.5600   15020850
7.0500   7.4000   0.6150   15020876
7.0500   7.4000   0.6700   15020901
7.0500   7.4000   0.7250   15020927
7.0500   7.4500   0.1750   15014271
7.0500   7.4500   0.2300   15014246
7.0500   7.4500   0.2850   15014220
7.0500   7.4500   0.3400   15014195
7.0500   7.4500   0.5600   15014194
7.0500   7.4500   0.6150   15014220
7.0500   7.4500   0.6700   15014245
7.0500   7.4500   0.7250   15014271
7.0500   7.5000   0.1750   15007871
7.0500   7.5000   0.2300   15007846
7.0500   7.5000   0.2850   15007820
7.0500   7.5000   0.3400   15007795
7.0500   7.5000   0.5600   15007794
7.0500   7.5000   0.6150   15007820
7.0500   7.5000   0.6700   15007845
7.0500   7.5000   0.7250   15007871
7.0500   7.5500   0.1750   15014271
7.0500   7.5500   0.2300   15014246
7.0500   7.5500   0.2850   15014220
7.0500   7.5500   0.3400   15014195
7.0500   7.5500   0.5600   15014194
7.0500   7.5500   0.6150   15014220
7.0500   7.5500   0.6700   15014245
7.0500   7.5500   0.7250   15014271
7.0500   7.6000   0.1750   15020671
7.0500   7.6000   0.2300   15020646
7.0500   7.6000   0.2850   15020620
7.0500   7.6000   0.3400   15020595
7.0500   7.6000   0.3950   15020569
7.0500   7.6000   0.4500   15020544
7.0500   7.6000   0.5050   15020569
7.0500   7.6000   0.5600   15020594
7.0500   7.6000   0.6150   15020620
7.0500   7.6000   0.6700   15020645
7.0500   7.6000   0.7250   15020671
7.0500   7.6500   0.2300   15027302
7.0500   7.6500   0.2850   15027276
7.0500   7.6500   0.3400   15027251
7.0500   7.6500   0.3950   15027225
7.0500   7.6500   0.4500   15027200
7.0500   7.6500   0.5050   15027225
7.0500   7.6500   0.5600   15027250
7.0500   7.6500   0.6150   15027276
7.0500   7.6500   0.6700   15027301
7.0500   7.7000   0.2850   15033676
7.0500   7.7000   0.3400   15033651
7.0500   7.7000   0.3950   15033625
7.0500   7.7000   0.4500   15033600
7.0500   7.7000   0.5050   15033625
7.0500   7.7000   0.5600   15033650
7.0500   7.7000   0.6150   15033676
7.0500   7.7500   0.3400   15040307
7.0500   7.7500   0.3950   15040281
7.0500   7.7500   0.4500   15040256
7.0500   7.7500   0.5050   15040281
7.0500   7.7500   0.5600   15040306
7.1000   7.2000   0.2850   13408588
7.1000   7.2000   0.3400   13408563
7.1000   7.2000   0.3950   13408537
7.1000   7.2000   0.4500   13408512
7.1000   7.2000   0.5050   13408537
7.1000   7.2000   0.5600   13408562
7.1000   7.2000   0.6150   13408588
7.1000   7.2500   0.2300   13401958
7.1000   7.2500   0.2850   13401932
7.1000   7.2500   0.3400   13401907
7.1000   7.2500   0.3950   13401881
7.1000   7.2500   0.4500   13401856
7.1000   7.2500   0.5050   13401881
7.1000   7.2500   0.5600   13401906
7.1000   7.2500   0.6150   13401932
7.1000   7.2500   0.6700   13401957
7.1000   7.3000   0.1750   13395583
7.1000   7.3000   0.2300   13395558
7.1000   7.3000   0.2850   13395532
7.1000   7.3000   0.3400   13395507
7.1000   7.3000   0.5600   13395506
7.1000   7.3000   0.6150   13395532
7.1000   7.3000   0.6700   13395557
7.1000   7.3000   0.7250   13395583
7.1000   7.3500   0.1200   13388953
7.1000   7.3500   0.1750   13388927
7.1000   7.3500   0.2300   13388902
7.1000   7.3500   0.6700   13388901
7.1000   7.3500   0.7250   13388927
7.1000   7.3500   0.7800   13388952
7.1000   7.4000   0.1200   13382553
7.1000   7.4000   0.1750   13382527
7.1000   7.4000   0.2300   13382502
7.1000   7.4000   0.6700   13382501
7.1000   7.4000   0.7250   13382527
7.1000   7.4000   0.7800   13382552
7.1000   7.4500   0.1200   13375897
7.1000   7.4500   0.1750   13375871
7.1000   7.4500   0.7250   13375871
7.1000   7.4500   0.7800   13375896
7.1000   7.5000   0.1200   13369497
7.1000   7.5000   0.1750   13369471
7.1000   7.5000   0.7250   13369471
7.1000   7.5000   0.7800   13369496
7.1000   7.5500   0.1200   13375897
7.1000   7.5500   0.1750   13375871
7.1000   7.5500   0.7250   13375871
7.1000   7.5500   0.7800   13375896
7.1000   7.6000   0.1200   13382297
7.1000   7.6000   0.1750   13382271
7.1000   7.6000   0.2300   13382246
7.1000   7.6000   0.6700   13382245
7.1000   7.6000   0.7250   13382271
7.1000   7.6000   0.7800   13382296
7.1000   7.6500   0.1200   13388953
7.1000   7.6500   0.1750   13388927
7.1000   7.6500   0.2300   13388902
7.1000   7.6500   0.6700   13388901
7.1000   7.6500   0.7250   13388927
7.1000   7.6500   0.7800   13388952
7.1000   7.7000   0.1750   13395327
7.1000   7.7000   0.2300   13395302
7.1000   7.7000   0.2850   13395276
7.1000   7.7000   0.3400   13395251
7.1000   7.7000   0.5600   13395250
7.1000   7.7000   0.6150   13395276
7.1000   7.7000   0.6700   13395301
7.1000   7.7000   0.7250   13395327
7.1000   7.7500   0.2300   13401958
7.1000   7.7500   0.2850   13401932
7.1000   7.7500   0.3400   13401907
7.1000   7.7500   0.3950   13401881
7.1000   7.7500   0.4500   13401856
7.1000   7.7500   0.5050   13401881
7.1000   7.7500   0.5600   13401906
7.1000   7.7500   0.6150   13401932
7.1000   7.7500   0.6700   13401957
7.1000   7.8000   0.2850   13408332
7.1000   7.8000   0.3400   13408307
7.1000   7.8000   0.3950   13408281
7.1000   7.8000   0.4500   13408256
7.1000   7.8000   0.5050   13408281
7.1000   7.8000   0.5600   13408306
7.1000   7.8000   0.6150   13408332
7.1500   7.1500   0.2850   11711052
7.1500   7.1500   0.3400   11711027
7.1500   7.1500   0.3950   11711001
7.1500   7.1500   0.4500   11710976
7.1500   7.1500   0.5050   11711001
7.1500   7.1500   0.5600   11711026
7.1500   7.1500   0.6150   11711052
7.1500   7.2000   0.2300   11704678
7.1500   7.2000   0.2850   11704652
7.1500   7.2000   0.3400   11704627
7.1500   7.2000   0.3950   11704601
7.1500   7.2000   0.4500   11704576
7.1500   7.2000   0.5050   11704601
7.1500   7.2000   0.5600   11704626
7.1500   7.2000   0.6150   11704652
7.1500   7.2000   0.6700   11704677
7.1500   7.2000   0.7250   11704703
7.1500   7.2500   0.1750   11698047
7.1500   7.2500   0.2300   11698022
7.1500   7.2500   0.6700   11698021
7.1500   7.2500   0.7250   11698047
7.1500   7.2500   0.7800   11698072
7.1500   7.3000   0.1200   11691673
7.1500   7.3000   0.1750   11691647
7.1500   7.3000   0.7250   11691647
7.1500   7.3000   0.7800   11691672
7.1500   7.3500   0.0650   11685042
7.1500   7.3500   0.1200   11685017
7.1500   7.3500   0.7800   11685016
7.1500   7.3500   0.8350   11685042
7.1500   7.4000   0.0650   11678642
7.1500   7.4000   0.1200   11678617
7.1500   7.4000   0.7800   11678616
7.1500   7.4000   0.8350   11678642
7.1500   7.4500   0.0650   11671986
7.1500   7.4500   0.1200   11671961
7.1500   7.4500   0.7800   11671960
7.1500   7.4500   0.8350   11671986
7.1500   7.5000   0.0650   11665586
7.1500   7.5000   0.1200   11665561
7.1500   7.5000   0.7800   11665560
7.1500   7.5000   0.8350   11665586
7.1500   7.5500   0.0650   11671986
7.1500   7.5500   0.1200   11671961
7.1500   7.5500   0.7800   11671960
7.1500   7.5500   0.8350   11671986
7.1500   7.6000   0.0650   11678386
7.1500   7.6000   0.1200   11678361
7.1500   7.6000   0.7800   11678360
7.1500   7.6000   0.8350   11678386
7.1500   7.6500   0.0650   11685042
7.1500   7.6500   0.1200   11685017
7.1500   7.6500   0.7800   11685016
7.1500   7.6500   0.8350   11685042
7.1500   7.7000   0.1200   11691417
7.1500   7.7000   0.1750   11691391
7.1500   7.7000   0.7250   11691391
7.1500   7.7000   0.7800   11691416
7.1500   7.7500   0.1200   11698073
7.1500   7.7500   0.1750   11698047
7.1500   7.7500   0.2300   11698022
7.1500   7.7500   0.6700   11698021
7.1500   7.7500   0.7250   11698047
7.1500   7.7500   0.7800   11698072
7.1500   7.8000   0.1750   11704447
7.1500   7.8000   0.2300   11704422
7.1500   7.8000   0.2850   11704396
7.1500   7.8000   0.3400   11704371
7.1500   7.8000   0.3950   11704345
7.1500   7.8000   0.4500   11704320
7.1500   7.8000   0.5050   11704345
7.1500   7.8000   0.5600   11704370
7.1500   7.8000   0.6150   11704396
7.1500   7.8000   0.6700   11704421
7.1500   7.8000   0.7250   11704447
7.1500   7.8500   0.2850   11711052
7.1500   7.8500   0.3400   11711027
7.1500   7.8500   0.3950   11711001
7.1500   7.8500   0.4500   11710976
7.1500   7.8500   0.5050   11711001
7.1500   7.8500   0.5600   11711026
7.1500   7.8500   0.6150   11711052
7.2000   7.1000   0.2850   10079308
7.2000   7.1000   0.3400   10079283
7.2000   7.1000   0.3950   10079257
7.2000   7.1000   0.4500   10079232
7.2000   7.1000   0.5050   10079257
7.2000   7.1000   0.5600   10079282
7.2000   7.1000   0.6150   10079308
7.2000   7.1500   0.2300   10072678
7.2000   7.1500   0.2850   10072652
7.2000   7.1500   0.3400   10072627
7.2000   7.1500   0.3950   10072601
7.2000   7.1500   0.4500   10072576
7.2000   7.1500   0.5050   10072601
7.2000   7.1500   0.5600   10072626
7.2000   7.1500   0.6150   10072652
7.2000   7.1500   0.6700   10072677
7.2000   7.1500   0.7250   10072703
7.2000   7.2000   0.1200   10066329
7.2000   7.2000   0.1750   10066303
7.2000   7.2000   0.2300   10066278
7.2000   7.2000   0.6700   10066277
7.2000   7.2000   0.7250   10066303
7.2000   7.2000   0.7800   10066328
7.2000   7.2500   0.1200   10059673
7.2000   7.2500   0.1750   10059647
7.2000   7.2500   0.7250   10059647
7.2000   7.2500   0.7800   10059672
7.2000   7.2500   0.8350   10059698
7.2000   7.3000   0.0650   10053298
7.2000   7.3000   0.1200   10053273
7.2000   7.3000   0.7800   10053272
7.2000   7.3000   0.8350   10053298
7.2000   7.3500   0.0100   10046668
7.2000   7.3500   0.0650   10046642
7.2000   7.3500   0.8350   10046642
7.2000   7.3500   0.8900   10046667
7.2000   7.4000   0.0100   10040268
7.2000   7.4000   0.0650   10040242
7.2000   7.4000   0.8350   10040242
7.2000   7.4000   0.8900   10040267
7.2000   7.4500   0.0100   10033612
7.2000   7.4500   0.0650   10033586
7.2000   7.4500   0.8350   10033586
7.2000   7.4500   0.8900   10033611
7.2000   7.5000   0.0100   10027212
7.2000   7.5000   0.0650   10027186
7.2000   7.5000   0.8350   10027186
7.2000   7.5000   0.8900   10027211
7.2000   7.5500   0.0100   10033612
7.2000   7.5500   0.0650   10033586
7.2000   7.5500   0.8350   10033586
7.2000   7.5500   0.8900   10033611
7.2000   7.6000   0.0100   10040012
7.2000   7.6000   0.0650   10039986
7.2000   7.6000   0.8350   10039986
7.2000   7.6000   0.8900   10040011
7.2000   7.6500   0.0100   10046668
7.2000   7.6500   0.0650   10046642
7.2000   7.6500   0.8350   10046642
7.2000   7.6500   0.8900   10046667
7.2000   7.7000   0.0650   10053042
7.2000   7.7000   0.1200   10053017
7.2000   7.7000   0.7800   10053016
7.2000   7.7000   0.8350   10053042
7.2000   7.7500   0.0650   10059698
7.2000   7.7500   0.1200   10059673
7.2000   7.7500   0.1750   10059647
7.2000   7.7500   0.7250   10059647
7.2000   7.7500   0.7800   10059672
7.2000   7.7500   0.8350   10059698
7.2000   7.8000   0.1200   10066073
7.2000   7.8000   0.1750   10066047
7.2000   7.8000   0.2300   10066022
7.2000   7.8000   0.6700   10066021
7.2000   7.8000   0.7250   10066047
7.2000   7.8000   0.7800   10066072
7.2000   7.8500   0.1750   10072703
7.2000   7.8500   0.2300   10072678
7.2000   7.8500   0.2850   10072652
7.2000   7.8500   0.3400   10072627
7.2000   7.8500   0.3950   10072601
7.2000   7.8500   0.4500   10072576
7.2000   7.8500   0.5050   10072601
7.2000   7.8500   0.5600   10072626
7.2000   7.8500   0.6150   10072652
7.2000   7.8500   0.6700   10072677
7.2000   7.8500   0.7250   10072703
7.2000   7.9000   0.2850   10079052
7.2000   7.9000   0.3400   10079027
7.2000   7.9000   0.3950   10079001
7.2000   7.9000   0.4500   10078976
7.2000   7.9000   0.5050   10079001
7.2000   7.9000   0.5600   10079026
7.2000   7.9000   0.6150   10079052
7.2500   7.0500   0.3400   8381747
7.2500   7.0500   0.3950   8381721
7.2500   7.0500   0.4500   8381696
7.2500   7.0500   0.5050   8381721
7.2500   7.0500   0.5600   8381746
7.2500   7.1000   0.2300   8375398
7.2500   7.1000   0.2850   8375372
7.2500   7.1000   0.3400   8375347
7.2500   7.1000   0.3950   8375321
7.2500   7.1000   0.4500   8375296
7.2500   7.1000   0.5050   8375321
7.2500   7.1000   0.5600   8375346
7.2500   7.1000   0.6150   8375372
7.2500   7.1000   0.6700   8375397
7.2500   7.1500   0.1750   8368767
7.2500   7.1500   0.2300   8368742
7.2500   7.1500   0.6700   8368741
7.2500   7.1500   0.7250   8368767
7.2500   7.1500   0.7800   8368792
7.2500   7.2000   0.1200   8362393
7.2500   7.2000   0.1750   8362367
7.2500   7.2000   0.7250   8362367
7.2500   7.2000   0.7800   8362392
7.2500   7.2000   0.8350   8362418
7.2500   7.2500   0.0650   8355762
7.2500   7.2500   0.1200   8355737
7.2500   7.2500   0.7800   8355736
7.2500   7.2500   0.8350   8355762
7.2500   7.3000   0.0100   8349388
7.2500   7.3000   0.0650   8349362
7.2500   7.3000   0.8350   8349362
7.2500   7.3000   0.8900   8349387
7.2500   7.3500   0.0100   8342732
7.2500   7.3500   0.8900   8342731
7.2500   7.4000   -0.0450   8336357
7.2500   7.4000   0.0100   8336332
7.2500   7.4000   0.8900   8336331
7.2500   7.4000   0.9450   8336357
7.2500   7.4500   -0.0450   8329701
7.2500   7.4500   0.0100   8329676
7.2500   7.4500   0.8900   8329675
7.2500   7.4500   0.9450   8329701
7.2500   7.5000   -0.0450   8323301
7.2500   7.5000   0.0100   8323276
7.2500   7.5000   0.8900   8323275
7.2500   7.5000   0.9450   8323301
7.2500   7.5500   -0.0450   8329701
7.2500   7.5500   0.0100   8329676
7.2500   7.5500   0.8900   8329675
7.2500   7.5500   0.9450   8329701
7.2500   7.6000   -0.0450   8336101
7.2500   7.6000   0.0100   8336076
7.2500   7.6000   0.8900   8336075
7.2500   7.6000   0.9450   8336101
7.2500   7.6500   0.0100   8342732
7.2500   7.6500   0.8900   8342731
7.2500   7.7000   0.0100   8349132
7.2500   7.7000   0.0650   8349106
7.2500   7.7000   0.8350   8349106
7.2500   7.7000   0.8900   8349131
7.2500   7.7500   0.0650   8355762
7.2500   7.7500   0.1200   8355737
7.2500   7.7500   0.7800   8355736
7.2500   7.7500   0.8350   8355762
7.2500   7.8000   0.0650   8362162
7.2500   7.8000   0.1200   8362137
7.2500   7.8000   0.1750   8362111
7.2500   7.8000   0.7250   8362111
7.2500   7.8000   0.7800   8362136
7.2500   7.8000   0.8350   8362162
7.2500   7.8500   0.1200   8368793
7.2500   7.8500   0.1750   8368767
7.2500   7.8500   0.2300   8368742
7.2500   7.8500   0.6700   8368741
7.2500   7.8500   0.7250   8368767
7.2500   7.8500   0.7800   8368792
7.2500   7.9000   0.2300   8375142
7.2500   7.9000   0.2850   8375116
7.2500   7.9000   0.3400   8375091
7.2500   7.9000   0.3950   8375065
7.2500   7.9000   0.4500   8375040
7.2500   7.9000   0.5050   8375065
7.2500   7.9000   0.5600   8375090
7.2500   7.9000   0.6150   8375116
7.2500   7.9000   0.6700   8375141
7.2500   7.9500   0.3400   8381747
7.2500   7.9500   0.3950   8381721
7.2500   7.9500   0.4500   8381696
7.2500   7.9500   0.5050   8381721
7.2500   7.9500   0.5600   8381746
7.3000   7.0500   0.2850   6743372
7.3000   7.0500   0.3400   6743347
7.3000   7.0500   0.3950   6743321
7.3000   7.0500   0.4500   6743296
7.3000   7.0500   0.5050   6743321
7.3000   7.0500   0.5600   6743346
7.3000   7.0500   0.6150   6743372
7.3000   7.1000   0.1750   6737023
7.3000   7.1000   0.2300   6736998
7.3000   7.1000   0.2850   6736972
7.3000   7.1000   0.3400   6736947
7.3000   7.1000   0.5600   6736946
7.3000   7.1000   0.6150   6736972
7.3000   7.1000   0.6700   6736997
7.3000   7.1000   0.7250   6737023
7.3000   7.1500   0.1200   6730393
7.3000   7.1500   0.1750   6730367
7.3000   7.1500   0.7250   6730367
7.3000   7.1500   0.7800   6730392
7.3000   7.2000   0.0650   6724018
7.3000   7.2000   0.1200   6723993
7.3000   7.2000   0.7800   6723992
7.3000   7.2000   0.8350   6724018
7.3000   7.2500   0.0100   6717388
7.3000   7.2500   0.0650   6717362
7.3000   7.2500   0.8350   6717362
7.3000   7.2500   0.8900   6717387
7.3000   7.3000   0.0100   6710988
7.3000   7.3000   0.8900   6710987
7.3000   7.3500   -0.0450   6704357
7.3000   7.3500   0.0100   6704332
7.3000   7.3500   0.8900   6704331
7.3000   7.3500   0.9450   6704357
7.3000   7.4000   -0.0450   6697957
7.3000   7.4000   0.0100   6697932
7.3000   7.4000   0.9450   6697957
7.3000   7.4500   -0.0450   6691301
7.3000   7.4500   0.9450   6691301
7.3000   7.5000   -0.0450   6684901
7.3000   7.5000   0.9450   6684901
7.3000   7.5500   -0.0450   6691301
7.3000   7.5500   0.9450   6691301
7.3000   7.6000   -0.0450   6697701
7.3000   7.6000   0.0100   6697676
7.3000   7.6000   0.9450   6697701
7.3000   7.6500   -0.0450   6704357
7.3000   7.6500   0.0100   6704332
7.3000   7.6500   0.8900   6704331
7.3000   7.6500   0.9450   6704357
7.3000   7.7000   0.0100   6710732
7.3000   7.7000   0.8900   6710731
7.3000   7.7500   0.0100   6717388
7.3000   7.7500   0.0650   6717362
7.3000   7.7500   0.8350   6717362
7.3000   7.7500   0.8900   6717387
7.3000   7.8000   0.0650   6723762
7.3000   7.8000   0.1200   6723737
7.3000   7.8000   0.7800   6723736
7.3000   7.8000   0.8350   6723762
7.3000   7.8500   0.1200   6730393
7.3000   7.8500   0.1750   6730367
7.3000   7.8500   0.7250   6730367
7.3000   7.8500   0.7800   6730392
7.3000   7.9000   0.1750   6736767
7.3000   7.9000   0.2300   6736742
7.3000   7.9000   0.2850   6736716
7.3000   7.9000   0.6150   6736716
7.3000   7.9000   0.6700   6736741
7.3000   7.9000   0.7250   6736767
7.3000   7.9500   0.2850   6743372
7.3000   7.9500   0.3400   6743347
7.3000   7.9500   0.3950   6743321
7.3000   7.9500   0.4500   6743296
7.3000   7.9500   0.5050   6743321
7.3000   7.9500   0.5600   6743346
7.3000   7.9500   0.6150   6743372
7.3500   7.0000   0.3950   5046041
7.3500   7.0000   0.4500   5046016
7.3500   7.0000   0.5050   5046041
7.3500   7.0500   0.2300   5039462
7.3500   7.0500   0.2850   5039436
7.3500   7.0500   0.3400   5039411
7.3500   7.0500   0.3950   5039385
7.3500   7.0500   0.4500   5039360
7.3500   7.0500   0.5050   5039385
7.3500   7.0500   0.5600   5039410
7.3500   7.0500   0.6150   5039436
7.3500   7.0500   0.6700   5039461
7.3500   7.1000   0.1200   5033113
7.3500   7.1000   0.1750   5033087
7.3500   7.1000   0.2300   5033062
7.3500   7.1000   0.6700   5033061
7.3500   7.1000   0.7250   5033087
7.3500   7.1000   0.7800   5033112
7.3500   7.1500   0.0650   5026482
7.3500   7.1500   0.1200   5026457
7.3500   7.1500   0.7800   5026456
7.3500   7.1500   0.8350   5026482
7.3500   7.2000   0.0100   5020108
7.3500   7.2000   0.0650   5020082
7.3500   7.2000   0.8350   5020082
7.3500   7.2000   0.8900   5020107
7.3500   7.2500   0.0100   5013452
7.3500   7.2500   0.8900   5013451
7.3500   7.3000   -0.0450   5007077
7.3500   7.3000   0.0100   5007052
7.3500   7.3000   0.8900   5007051
7.3500   7.3000   0.9450   5007077
7.3500   7.3500   -0.0450   5000421
7.3500   7.3500   0.9450   5000421
7.3500   7.4000   -0.0450   4994021
7.3500   7.4000   0.9450   4994021
7.3500   7.4500   -0.1000   4987391
7.3500   7.4500   -0.0450   4987365
7.3500   7.4500   0.9450   4987365
7.3500   7.4500   1.0000   4987390
7.3500   7.5000   -0.1000   4980991
7.3500   7.5000   -0.0450   4980965
7.3500   7.5000   0.9450   4980965
7.3500   7.5000   1.0000   4980990
7.3500   7.5500   -0.1000   4987391
7.3500   7.5500   -0.0450   4987365
7.3500   7.5500   0.9450   4987365
7.3500   7.5500   1.0000   4987390
7.3500   7.6000   -0.0450   4993765
7.3500   7.6000   0.9450   4993765
7.3500   7.6500   -0.0450   5000421
7.3500   7.6500   0.9450   5000421
7.3500   7.7000   -0.0450   5006821
7.3500   7.7000   0.0100   5006796
7.3500   7.7000   0.8900   5006795
7.3500   7.7000   0.9450   5006821
7.3500   7.7500   0.0100   5013452
7.3500   7.7500   0.8900   5013451
7.3500   7.8000   0.0100   5019852
7.3500   7.8000   0.0650   5019826
7.3500   7.8000   0.8350   5019826
7.3500   7.8000   0.8900   5019851
7.3500   7.8500   0.0650   5026482
7.3500   7.8500   0.1200   5026457
7.3500   7.8500   0.7800   5026456
7.3500   7.8500   0.8350   5026482
7.3500   7.9000   0.1200   5032857
7.3500   7.9000   0.1750   5032831
7.3500   7.9000   0.2300   5032806
7.3500   7.9000   0.6700   5032805
7.3500   7.9000   0.7250   5032831
7.3500   7.9000   0.7800   5032856
7.3500   7.9500   0.2300   5039462
7.3500   7.9500   0.2850   5039436
7.3500   7.9500   0.3400   5039411
7.3500   7.9500   0.3950   5039385
7.3500   7.9500   0.4500   5039360
7.3500   7.9500   0.5050   5039385
7.3500   7.9500   0.5600   5039410
7.3500   7.9500   0.6150   5039436
7.3500   7.9500   0.6700   5039461
7.3500   8.0000   0.3950   5045785
7.3500   8.0000   0.4500   5045760
7.3500   8.0000   0.5050   5045785
7.4000   7.0000   0.3400   3407667
7.4000   7.0000   0.3950   3407641
7.4000   7.0000   0.4500   3407616
7.4000   7.0000   0.5050   3407641
7.4000   7.0000   0.5600   3407666
7.4000   7.0500   0.1750   3401087
7.4000   7.0500   0.2300   3401062
7.4000   7.0500   0.2850   3401036
7.4000   7.0500   0.3400   3401011
7.4000   7.0500   0.3950   3400985
7.4000   7.0500   0.4500   3400960
7.4000   7.0500   0.5050   3400985
7.4000   7.0500   0.5600   3401010
7.4000   7.0500   0.6150   3401036
7.4000   7.0500   0.6700   3401061
7.4000   7.0500   0.7250   3401087
7.4000   7.1000   0.1200   3394713
7.4000   7.1000   0.1750   3394687
7.4000   7.1000   0.2300   3394662
7.4000   7.1000   0.6700   3394661
7.4000   7.1000   0.7250   3394687
7.4000   7.1000   0.7800   3394712
7.4000   7.1500   0.0650   3388082
7.4000   7.1500   0.1200   3388057
7.4000   7.1500   0.7800   3388056
7.4000   7.1500   0.8350   3388082
7.4000   7.2000   0.0100   3381708
7.4000   7.2000   0.0650   3381682
7.4000   7.2000   0.8350   3381682
7.4000   7.2000   0.8900   3381707
7.4000   7.2500   -0.0450   3375077
7.4000   7.2500   0.0100   3375052
7.4000   7.2500   0.8900   3375051
7.4000   7.2500   0.9450   3375077
7.4000   7.3000   -0.0450   3368677
7.4000   7.3000   0.0100   3368652
7.4000   7.3000   0.9450   3368677
7.4000   7.3500   -0.0450   3362021
7.4000   7.3500   0.9450   3362021
7.4000   7.4000   -0.1000   3355647
7.4000   7.4000   -0.0450   3355621
7.4000   7.4000   0.9450   3355621
7.4000   7.4000   1.0000   3355646
7.4000   7.4500   -0.1000   3348991
7.4000   7.4500   -0.0450   3348965
7.4000   7.4500   0.9450   3348965
7.4000   7.4500   1.0000   3348990
7.4000   7.5000   -0.1000   3342591
7.4000   7.5000   -0.0450   3342565
7.4000   7.5000   0.9450   3342565
7.4000   7.5000   1.0000   3342590
7.4000   7.5500   -0.1000   3348991
7.4000   7.5500   -0.0450   3348965
7.4000   7.5500   0.9450   3348965
7.4000   7.5500   1.0000   3348990
7.4000   7.6000   -0.1000   3355391
7.4000   7.6000   -0.0450   3355365
7.4000   7.6000   0.9450   3355365
7.4000   7.6000   1.0000   3355390
7.4000   7.6500   -0.0450   3362021
7.4000   7.6500   0.9450   3362021
7.4000   7.7000   -0.0450   3368421
7.4000   7.7000   0.0100   3368396
7.4000   7.7000   0.9450   3368421
7.4000   7.7500   -0.0450   3375077
7.4000   7.7500   0.0100   3375052
7.4000   7.7500   0.8900   3375051
7.4000   7.7500   0.9450   3375077
7.4000   7.8000   0.0100   3381452
7.4000   7.8000   0.0650   3381426
7.4000   7.8000   0.8350   3381426
7.4000   7.8000   0.8900   3381451
7.4000   7.8500   0.0650   3388082
7.4000   7.8500   0.1200   3388057
7.4000   7.8500   0.7800   3388056
7.4000   7.8500   0.8350   3388082
7.4000   7.9000   0.1200   3394457
7.4000   7.9000   0.1750   3394431
7.4000   7.9000   0.7250   3394431
7.4000   7.9000   0.7800   3394456
7.4000   7.9500   0.1750   3401087
7.4000   7.9500   0.2300   3401062
7.4000   7.9500   0.2850   3401036
7.4000   7.9500   0.3400   3401011
7.4000   7.9500   0.3950   3400985
7.4000   7.9500   0.4500   3400960
7.4000   7.9500   0.5050   3400985
7.4000   7.9500   0.5600   3401010
7.4000   7.9500   0.6150   3401036
7.4000   7.9500   0.6700   3401061
7.4000   7.9500   0.7250   3401087
7.4000   8.0000   0.3400   3407411
7.4000   8.0000   0.3950   3407385
7.4000   8.0000   0.4500   3407360
7.4000   8.0000   0.5050   3407385
7.4000   8.0000   0.5600   3407410
7.4500   7.0000   0.2850   1703756
7.4500   7.0000   0.3400   1703731
7.4500   7.0000   0.3950   1703705
7.4500   7.0000   0.4500   1703680
7.4500   7.0000   0.5050   1703705
7.4500   7.0000   0.5600   1703730
7.4500   7.0000   0.6150   1703756
7.4500   7.0500   0.1750   1697151
7.4500   7.0500   0.2300   1697126
7.4500   7.0500   0.2850   1697100
7.4500   7.0500   0.3400   1697075
7.4500   7.0500   0.5600   1697074
7.4500   7.0500   0.6150   1697100
7.4500   7.0500   0.6700   1697125
7.4500   7.0500   0.7250   1697151
7.4500   7.1000   0.1200   1690777
7.4500   7.1000   0.1750   1690751
7.4500   7.1000   0.7250   1690751
7.4500   7.1000   0.7800   1690776
7.4500   7.1500   0.0650   1684146
7.4500   7.1500   0.1200   1684121
7.4500   7.1500   0.7800   1684120
7.4500   7.1500   0.8350   1684146
7.4500   7.2000   0.0100   1677772
7.4500   7.2000   0.0650   1677746
7.4500   7.2000   0.8350   1677746
7.4500   7.2000   0.8900   1677771
7.4500   7.2500   -0.0450   1671141
7.4500   7.2500   0.0100   1671116
7.4500   7.2500   0.8900   1671115
7.4500   7.2500   0.9450   1671141
7.4500   7.3000   -0.0450   1664741
7.4500   7.3000   0.9450   1664741
7.4500   7.3500   -0.1000   1658111
7.4500   7.3500   -0.0450   1658085
7.4500   7.3500   0.9450   1658085
7.4500   7.3500   1.0000   1658110
7.4500   7.4000   -0.1000   1651711
7.4500   7.4000   -0.0450   1651685
7.4500   7.4000   0.9450   1651685
7.4500   7.4000   1.0000   1651710
7.4500   7.4500   -0.1000   1645055
7.4500   7.4500   1.0000   1645054
7.4500   7.5000   -0.1000   1638655
7.4500   7.5000   1.0000   1638654
7.4500   7.5500   -0.1000   1645055
7.4500   7.5500   1.0000   1645054
7.4500   7.6000   -0.1000   1651455
7.4500   7.6000   -0.0450   1651429
7.4500   7.6000   0.9450   1651429
7.4500   7.6000   1.0000   1651454
7.4500   7.6500   -0.1000   1658111
7.4500   7.6500   -0.0450   1658085
7.4500   7.6500   0.9450   1658085
7.4500   7.6500   1.0000   1658110
7.4500   7.7000   -0.0450   1664485
7.4500   7.7000   0.9450   1664485
7.4500   7.7500   -0.0450   1671141
7.4500   7.7500   0.0100   1671116
7.4500   7.7500   0.8900   1671115
7.4500   7.7500   0.9450   1671141
7.4500   7.8000   0.0100   1677516
7.4500   7.8000   0.0650   1677490
7.4500   7.8000   0.8350   1677490
7.4500   7.8000   0.8900   1677515
7.4500   7.8500   0.0650   1684146
7.4500   7.8500   0.1200   1684121
7.4500   7.8500   0.7800   1684120
7.4500   7.8500   0.8350   1684146
7.4500   7.9000   0.1200   1690521
7.4500   7.9000   0.1750   1690495
7.4500   7.9000   0.7250   1690495
7.4500   7.9000   0.7800   1690520
7.4500   7.9500   0.1750   1697151
7.4500   7.9500   0.2300   1697126
7.4500   7.9500   0.2850   1697100
7.4500   7.9500   0.3400   1697075
7.4500   7.9500   0.5600   1697074
7.4500   7.9500   0.6150   1697100
7.4500   7.9500   0.6700   1697125
7.4500   7.9500   0.7250   1697151
7.4500   8.0000   0.2850   1703500
7.4500   8.0000   0.3400   1703475
7.4500   8.0000   0.3950   1703449
7.4500   8.0000   0.4500   1703424
7.4500   8.0000   0.5050   1703449
7.4500   8.0000   0.5600   1703474
7.4500   8.0000   0.6150   1703500
7.5000   7.0000   0.2850   65356
7.5000   7.0000   0.3400   65331
7.5000   7.0000   0.3950   65305
7.5000   7.0000   0.4500   65280
7.5000   7.0000   0.5050   65305
7.5000   7.0000   0.5600   65330
7.5000   7.0000   0.6150   65356
7.5000   7.0500   0.1750   58751
7.5000   7.0500   0.2300   58726
7.5000   7.0500   0.2850   58700
7.5000   7.0500   0.3400   58675
7.5000   7.0500   0.5600   58674
7.5000   7.0500   0.6150   58700
7.5000   7.0500   0.6700   58725
7.5000   7.0500   0.7250   58751
7.5000   7.1000   0.1200   52377
7.5000   7.1000   0.1750   52351
7.5000   7.1000   0.7250   52351
7.5000   7.1000   0.7800   52376
7.5000   7.1500   0.0650   45746
7.5000   7.1500   0.1200   45721
7.5000   7.1500   0.7800   45720
7.5000   7.1500   0.8350   45746
7.5000   7.2000   0.0100   39372
7.5000   7.2000   0.0650   39346
7.5000   7.2000   0.8350   39346
7.5000   7.2000   0.8900   39371
7.5000   7.2500   -0.0450   32741
7.5000   7.2500   0.0100   32716
7.5000   7.2500   0.8900   32715
7.5000   7.2500   0.9450   32741
7.5000   7.3000   -0.0450   26341
7.5000   7.3000   0.9450   26341
7.5000   7.3500   -0.1000   19711
7.5000   7.3500   -0.0450   19685
7.5000   7.3500   0.9450   19685
7.5000   7.3500   1.0000   19710
7.5000   7.4000   -0.1000   13311
7.5000   7.4000   -0.0450   13285
7.5000   7.4000   0.9450   13285
7.5000   7.4000   1.0000   13310
7.5000   7.4500   -0.1000   6655
7.5000   7.4500   1.0000   6654
7.5000   7.5000   -0.1000   255
7.5000   7.5000   1.0000   254
7.5000   7.5500   -0.1000   6655
7.5000   7.5500   1.0000   6654
7.5000   7.6000   -0.1000   13055
7.5000   7.6000   -0.0450   13029
7.5000   7.6000   0.9450   13029
7.5000   7.6000   1.0000   13054
7.5000   7.6500   -0.1000   19711
7.5000   7.6500   -0.0450   19685
7.5000   7.6500   0.9450   19685
7.5000   7.6500   1.0000   19710
7.5000   7.7000   -0.0450   26085
7.5000   7.7000   0.9450   26085
7.5000   7.7500   -0.0450   32741
7.5000   7.7500   0.0100   32716
7.5000   7.7500   0.8900   32715
7.5000   7.7500   0.9450   32741
7.5000   7.8000   0.0100   39116
7.5000   7.8000   0.0650   39090
7.5000   7.8000   0.8350   39090
7.5000   7.8000   0.8900   39115
7.5000   7.8500   0.0650   45746
7.5000   7.8500   0.1200   45721
7.5000   7.8500   0.7800   45720
7.5000   7.8500   0.8350   45746
7.5000   7.9000   0.1200   52121
7.5000   7.9000   0.1750   52095
7.5000   7.9000   0.7250   52095
7.5000   7.9000   0.7800   52120
7.5000   7.9500   0.1750   58751
7.5000   7.9500   0.2300   58726
7.5000   7.9500   0.2850   58700
7.5000   7.9500   0.3400   58675
7.5000   7.9500   0.5600   58674
7.5000   7.9500   0.6150   58700
7.5000   7.9500   0.6700   58725
7.5000   7.9500   0.7250   58751
7.5000   8.0000   0.2850   65100
7.5000   8.0000   0.3400   65075
7.5000   8.0000   0.3950   65049
7.5000   8.0000   0.4500   65024
7.5000   8.0000   0.5050   65049
7.5000   8.0000   0.5600   65074
7.5000   8.0000   0.6150   65100
7.5500   7.0000   0.2850   1703756
7.5500   7.0000   0.3400   1703731
7.5500   7.0000   0.3950   1703705
7.5500   7.0000   0.4500   1703680
7.5500   7.0000   0.5050   1703705
7.5500   7.0000   0.5600   1703730
7.5500   7.0000   0.6150   1703756
7.5500   7.0500   0.1750   1697151
7.5500   7.0500   0.2300   1697126
7.5500   7.0500   0.2850   1697100
7.5500   7.0500   0.3400   1697075
7.5500   7.0500   0.5600   1697074
7.5500   7.0500   0.6150   1697100
7.5500   7.0500   0.6700   1697125
7.5500   7.0500   0.7250   1697151
7.5500   7.1000   0.1200   1690777
7.5500   7.1000   0.1750   1690751
7.5500   7.1000   0.7250   1690751
7.5500   7.1000   0.7800   1690776
7.5500   7.1500   0.0650   1684146
7.5500   7.1500   0.1200   1684121
7.5500   7.1500   0.7800   1684120
7.5500   7.1500   0.8350   1684146
7.5500   7.2000   0.0100   1677772
7.5500   7.2000   0.0650   1677746
7.5500   7.2000   0.8350   1677746
7.5500   7.2000   0.8900   1677771
7.5500   7.2500   -0.0450   1671141
7.5500   7.2500   0.0100   1671116
7.5500   7.2500   0.8900   1671115
7.5500   7.2500   0.9450   1671141
7.5500   7.3000   -0.0450   1664741
7.5500   7.3000   0.9450   1664741
7.5500   7.3500   -0.1000   1658111
7.5500   7.3500   -0.0450   1658085
7.5500   7.3500   0.9450   1658085
7.5500   7.3500   1.0000   1658110
7.5500   7.4000   -0.1000   1651711
7.5500   7.4000   -0.0450   1651685
7.5500   7.4000   0.9450   1651685
7.5500   7.4000   1.0000   1651710
7.5500   7.4500   -0.1000   1645055
7.5500   7.4500   1.0000   1645054
7.5500   7.5000   -0.1000   1638655
7.5500   7.5000   1.0000   1638654
7.5500   7.5500   -0.1000   1645055
7.5500   7.5500   1.0000   1645054
7.5500   7.6000   -0.1000   1651455
7.5500   7.6000   -0.0450   1651429
7.5500   7.6000   0.9450   1651429
7.5500   7.6000   1.0000   1651454
7.5500   7.6500   -0.1000   1658111
7.5500   7.6500   -0.0450   1658085
7.5500   7.6500   0.9450   1658085
7.5500   7.6500   1.0000   1658110
7.5500   7.7000   -0.0450   1664485
7.5500   7.7000   0.9450   1664485
7.5500   7.7500   -0.0450   1671141
7.5500   7.7500   0.0100   1671116
7.5500   7.7500   0.8900   1671115
7.5500   7.7500   0.9450   1671141
7.5500   7.8000   0.0100   1677516
7.5500   7.8000   0.0650   1677490
7.5500   7.8000   0.8350   1677490
7.5500   7.8000   0.8900   1677515
7.5500   7.8500   0.0650   1684146
7.5500   7.8500   0.1200   1684121
7.5500   7.8500   0.7800   1684120
7.5500   7.8500   0.8350   1684146
7.5500   7.9000   0.1200   1690521
7.5500   7.9000   0.1750   1690495
7.5500   7.9000   0.7250   1690495
7.5500   7.9000   0.7800   1690520
7.5500   7.9500   0.1750   1697151
7.5500   7.9500   0.2300   1697126
7.5500   7.9500   0.2850   1697100
7.5500   7.9500   0.3400   1697075
7.5500   7.9500   0.5600   1697074
7.5500   7.9500   0.6150   1697100
7.5500   7.9500   0.6700   1697125
7.5500   7.9500   0.7250   1697151
7.5500   8.0000   0.2850   1703500
7.5500   8.0000   0.3400   1703475
7.5500   8.0000   0.3950   1703449
7.5500   8.0000   0.4500   1703424
7.5500   8.0000   0.5050   1703449
7.5500   8.0000   0.5600   1703474
7.5500   8.0000   0.6150   1703500
7.6000   7.0000   0.3400   3342131
7.6000   7.0000   0.3950   3342105
7.6000   7.0000   0.4500   3342080
7.6000   7.0000   0.5050   3342105
7.6000   7.0000   0.5600   3342130
7.6000   7.0500   0.1750   3335551
7.6000   7.0500   0.2300   3335526
7.6000   7.0500   0.2850   3335500
7.6000   7.0500   0.3400   3335475
7.6000   7.0500   0.3950   3335449
7.6000   7.0500   0.4500   3335424
7.6000   7.0500   0.5050   3335449
7.6000   7.0500   0.5600   3335474
7.6000   7.0500   0.6150   3335500
7.6000   7.0500   0.6700   3335525
7.6000   7.0500   0.7250   3335551
7.6000   7.1000   0.1200   3329177
7.6000   7.1000   0.1750   3329151
7.6000   7.1000   0.2300   3329126
7.6000   7.1000   0.6700   3329125
7.6000   7.1000   0.7250   3329151
7.6000   7.1000   0.7800   3329176
7.6000   7.1500   0.0650   3322546
7.6000   7.1500   0.1200   3322521
7.6000   7.1500   0.7800   3322520
7.6000   7.1500   0.8350   3322546
7.6000   7.2000   0.0100   3316172
7.6000   7.2000   0.0650   3316146
7.6000   7.2000   0.8350   3316146
7.6000   7.2000   0.8900   3316171
7.6000   7.2500   -0.0450   3309541
7.6000   7.2500   0.0100   3309516
7.6000   7.2500   0.8900   3309515
7.6000   7.2500   0.9450   3309541
7.6000   7.3000   -0.0450   3303141
7.6000   7.3000   0.0100   3303116
7.6000   7.3000   0.9450   3303141
7.6000   7.3500   -0.0450   3296485
7.6000   7.3500   0.9450   3296485
7.6000   7.4000   -0.1000   3290111
7.6000   7.4000   -0.0450   3290085
7.6000   7.4000   0.9450   3290085
7.6000   7.4000   1.0000   3290110
7.6000   7.4500   -0.1000   3283455
7.6000   7.4500   -0.0450   3283429
7.6000   7.4500   0.9450   3283429
7.6000   7.4500   1.0000   3283454
7.6000   7.5000   -0.1000   3277055
7.6000   7.5000   -0.0450   3277029
7.6000   7.5000   0.9450   3277029
7.6000   7.5000   1.0000   3277054
7.6000   7.5500   -0.1000   3283455
7.6000   7.5500   -0.0450   3283429
7.6000   7.5500   0.9450   3283429
7.6000   7.5500   1.0000   3283454
7.6000   7.6000   -0.1000   3289855
7.6000   7.6000   -0.0450   3289829
7.6000   7.6000   0.9450   3289829
7.6000   7.6000   1.0000   3289854
7.6000   7.6500   -0.0450   3296485
7.6000   7.6500   0.9450   3296485
7.6000   7.7000   -0.0450   3302885
7.6000   7.7000   0.0100   3302860
7.6000   7.7000   0.9450   3302885
7.6000   7.7500   -0.0450   3309541
7.6000   7.7500   0.0100   3309516
7.6000   7.7500   0.8900   3309515
7.6000   7.7500   0.9450   3309541
7.6000   7.8000   0.0100   3315916
7.6000   7.8000   0.0650   3315890
7.6000   7.8000   0.8350   3315890
7.6000   7.8000   0.8900   3315915
7.6000   7.8500   0.0650   3322546
7.6000   7.8500   0.1200   3322521
7.6000   7.8500   0.7800   3322520
7.6000   7.8500   0.8350   3322546
7.6000   7.9000   0.1200   3328921
7.6000   7.9000   0.1750   3328895
7.6000   7.9000   0.7250   3328895
7.6000   7.9000   0.7800   3328920
7.6000   7.9500   0.1750   3335551
7.6000   7.9500   0.2300   3335526
7.6000   7.9500   0.2850   3335500
7.6000   7.9500   0.3400   3335475
7.6000   7.9500   0.3950   3335449
7.6000   7.9500   0.4500   3335424
7.6000   7.9500   0.5050   3335449
7.6000   7.9500   0.5600   3335474
7.6000   7.9500   0.6150   3335500
7.6000   7.9500   0.6700   3335525
7.6000   7.9500   0.7250   3335551
7.6000   8.0000   0.3400   3341875
7.6000   8.0000   0.3950   3341849
7.6000   8.0000   0.4500   3341824
7.6000   8.0000   0.5050   3341849
7.6000   8.0000   0.5600   3341874
7.6500   7.0000   0.3950   5046041
7.6500   7.0000   0.4500   5046016
7.6500   7.0000   0.5050   5046041
7.6500   7.0500   0.2300   5039462
7.6500   7.0500   0.2850   5039436
7.6500   7.0500   0.3400   5039411
7.6500   7.0500   0.3950   5039385
7.6500   7.0500   0.4500   5039360
7.6500   7.0500   0.5050   5039385
7.6500   7.0500   0.5600   5039410
7.6500   7.0500   0.6150   5039436
7.6500   7.0500   0.6700   5039461
7.6500   7.1000   0.1200   5033113
7.6500   7.1000   0.1750   5033087
7.6500   7.1000   0.2300   5033062
7.6500   7.1000   0.6700   5033061
7.6500   7.1000   0.7250   5033087
7.6500   7.1000   0.7800   5033112
7.6500   7.1500   0.0650   5026482
7.6500   7.1500   0.1200   5026457
7.6500   7.1500   0.7800   5026456
7.6500   7.1500   0.8350   5026482
7.6500   7.2000   0.0100   5020108
7.6500   7.2000   0.0650   5020082
7.6500   7.2000   0.8350   5020082
7.6500   7.2000   0.8900   5020107
7.6500   7.2500   0.0100   5013452
7.6500   7.2500   0.8900   5013451
7.6500   7.3000   -0.0450   5007077
7.6500   7.3000   0.0100   5007052
7.6500   7.3000   0.8900   5007051
7.6500   7.3000   0.9450   5007077
7.6500   7.3500   -0.0450   5000421
7.6500   7.3500   0.9450   5000421
7.6500   7.4000   -0.0450   4994021
7.6500   7.4000   0.9450   4994021
7.6500   7.4500   -0.1000   4987391
7.6500   7.4500   -0.0450   4987365
7.6500   7.4500   0.9450   4987365
7.6500   7.4500   1.0000   4987390
7.6500   7.5000   -0.1000   4980991
7.6500   7.5000   -0.0450   4980965
7.6500   7.5000   0.9450   4980965
7.6500   7.5000   1.0000   4980990
7.6500   7.5500   -0.1000   4987391
7.6500   7.5500   -0.0450   4987365
7.6500   7.5500   0.9450   4987365
7.6500   7.5500   1.0000   4987390
7.6500   7.6000   -0.0450   4993765
7.6500   7.6000   0.9450   4993765
7.6500   7.6500   -0.0450   5000421
7.6500   7.6500   0.9450   5000421
7.6500   7.7000   -0.0450   5006821
7.6500   7.7000   0.0100   5006796
7.6500   7.7000   0.8900   5006795
7.6500   7.7000   0.9450   5006821
7.6500   7.7500   0.0100   5013452
7.6500   7.7500   0.8900   5013451
7.6500   7.8000   0.0100   5019852
7.6500   7.8000   0.0650   5019826
7.6500   7.8000   0.8350   5019826
7.6500   7.8000   0.8900   5019851
7.6500   7.8500   0.0650   5026482
7.6500   7.8500   0.1200   5026457
7.6500   7.8500   0.7800   5026456
7.6500   7.8500   0.8350   5026482
7.6500   7.9000   0.1200   5032857
7.6500   7.9000   0.1750   5032831
7.6500   7.9000   0.2300   5032806
7.6500   7.9000   0.6700   5032805
7.6500   7.9000   0.7250   5032831
7.6500   7.9000   0.7800   5032856
7.6500   7.9500   0.2300   5039462
7.6500   7.9500   0.2850   5039436
7.6500   7.9500   0.3400   5039411
7.6500   7.9500   0.3950   5039385
7.6500   7.9500   0.4500   5039360
7.6500   7.9500   0.5050   5039385
7.6500   7.9500   0.5600   5039410
7.6500   7.9500   0.6150   5039436
7.6500   7.9500   0.6700   5039461
7.6500   8.0000   0.3950   5045785
7.6500   8.0000   0.4500   5045760
7.6500   8.0000   0.5050   5045785
7.7000   7.0500   0.2850   6677836
7.7000   7.0500   0.3400   6677811
7.7000   7.0500   0.3950   6677785
7.7000   7.0500   0.4500   6677760
7.7000   7.0500   0.5050   6677785
7.7000   7.0500   0.5600   6677810
7.7000   7.0500   0.6150   6677836
7.7000   7.1000   0.1750   6671487
7.7000   7.1000   0.2300   6671462
7.7000   7.1000   0.2850   6671436
7.7000   7.1000   0.3400   6671411
7.7000   7.1000   0.5600   6671410
7.7000   7.1000   0.6150   6671436
7.7000   7.1000   0.6700   6671461
7.7000   7.1000   0.7250   6671487
7.7000   7.1500   0.1200   6664857
7.7000   7.1500   0.1750   6664831
7.7000   7.1500   0.7250   6664831
7.7000   7.1500   0.7800   6664856
7.7000   7.2000   0.0650   6658482
7.7000   7.2000   0.1200   6658457
7.7000   7.2000   0.7800   6658456
7.7000   7.2000   0.8350   6658482
7.7000   7.2500   0.0100   6651852
7.7000   7.2500   0.0650   6651826
7.7000   7.2500   0.8350   6651826
7.7000   7.2500   0.8900   6651851
7.7000   7.3000   0.0100   6645452
7.7000   7.3000   0.8900   6645451
7.7000   7.3500   -0.0450   6638821
7.7000   7.3500   0.0100   6638796
7.7000   7.3500   0.8900   6638795
7.7000   7.3500   0.9450   6638821
7.7000   7.4000   -0.0450   6632421
7.7000   7.4000   0.0100   6632396
7.7000   7.4000   0.9450   6632421
7.7000   7.4500   -0.0450   6625765
7.7000   7.4500   0.9450   6625765
7.7000   7.5000   -0.0450   6619365
7.7000   7.5000   0.9450   6619365
7.7000   7.5500   -0.0450   6625765
7.7000   7.5500   0.9450   6625765
7.7000   7.6000   -0.0450   6632165
7.7000   7.6000   0.0100   6632140
7.7000   7.6000   0.9450   6632165
7.7000   7.6500   -0.0450   6638821
7.7000   7.6500   0.0100   6638796
7.7000   7.6500   0.8900   6638795
7.7000   7.6500   0.9450   6638821
7.7000   7.7000   0.0100   6645196
7.7000   7.7000   0.8900   6645195
7.7000   7.7500   0.0100   6651852
7.7000   7.7500   0.0650   6651826
7.7000   7.7500   0.8350   6651826
7.7000   7.7500   0.8900   6651851
7.7000   7.8000   0.0650   6658226
7.7000   7.8000   0.1200   6658201
7.7000   7.8000   0.7800   6658200
7.7000   7.8000   0.8350   6658226
7.7000   7.8500   0.1200   6664857
7.7000   7.8500   0.1750   6664831
7.7000   7.8500   0.7250   6664831
7.7000   7.8500   0.7800   6664856
7.7000   7.9000   0.1750   6671231
7.7000   7.9000   0.2300   6671206
7.7000   7.9000   0.2850   6671180
7.7000   7.9000   0.6150   6671180
7.7000   7.9000   0.6700   6671205
7.7000   7.9000   0.7250   6671231
7.7000   7.9500   0.2850   6677836
7.7000   7.9500   0.3400   6677811
7.7000   7.9500   0.3950   6677785
7.7000   7.9500   0.4500   6677760
7.7000   7.9500   0.5050   6677785
7.7000   7.9500   0.5600   6677810
7.7000   7.9500   0.6150   6677836
7.7500   7.0500   0.3400   8381747
7.7500   7.0500   0.3950   8381721
7.7500   7.0500   0.4500   8381696
7.7500   7.0500   0.5050   8381721
7.7500   7.0500   0.5600   8381746
7.7500   7.1000   0.2300   8375398
7.7500   7.1000   0.2850   8375372
7.7500   7.1000   0.3400   8375347
7.7500   7.1000   0.3950   8375321
7.7500   7.1000   0.4500   8375296
7.7500   7.1000   0.5050   8375321
7.7500   7.1000   0.5600   8375346
7.7500   7.1000   0.6150   8375372
7.7500   7.1000   0.6700   8375397
7.7500   7.1500   0.1200   8368793
7.7500   7.1500   0.1750   8368767
7.7500   7.1500   0.2300   8368742
7.7500   7.1500   0.6700   8368741
7.7500   7.1500   0.7250   8368767
7.7500   7.1500   0.7800   8368792
7.7500   7.2000   0.0650   8362418
7.7500   7.2000   0.1200   8362393
7.7500   7.2000   0.1750   8362367
7.7500   7.2000   0.7250   8362367
7.7500   7.2000   0.7800   8362392
7.7500   7.2000   0.8350   8362418
7.7500   7.2500   0.0650   8355762
7.7500   7.2500   0.1200   8355737
7.7500   7.2500   0.7800   8355736
7.7500   7.2500   0.8350   8355762
7.7500   7.3000   0.0100   8349388
7.7500   7.3000   0.0650   8349362
7.7500   7.3000   0.8350   8349362
7.7500   7.3000   0.8900   8349387
7.7500   7.3500   0.0100   8342732
7.7500   7.3500   0.8900   8342731
7.7500   7.4000   -0.0450   8336357
7.7500   7.4000   0.0100   8336332
7.7500   7.4000   0.8900   8336331
7.7500   7.4000   0.9450   8336357
7.7500   7.4500   -0.0450   8329701
7.7500   7.4500   0.0100   8329676
7.7500   7.4500   0.8900   8329675
7.7500   7.4500   0.9450   8329701
7.7500   7.5000   -0.0450   8323301
7.7500   7.5000   0.0100   8323276
7.7500   7.5000   0.8900   8323275
7.7500   7.5000   0.9450   8323301
7.7500   7.5500   -0.0450   8329701
7.7500   7.5500   0.0100   8329676
7.7500   7.5500   0.8900   8329675
7.7500   7.5500   0.9450   8329701
7.7500   7.6000   -0.0450   8336101
7.7500   7.6000   0.0100   8336076
7.7500   7.6000   0.8900   8336075
7.7500   7.6000   0.9450   8336101
7.7500   7.6500   0.0100   8342732
7.7500   7.6500   0.8900   8342731
7.7500   7.7000   0.0100   8349132
7.7500   7.7000   0.0650   8349106
7.7500   7.7000   0.8350   8349106
7.7500   7.7000   0.8900   8349131
7.7500   7.7500   0.0650   8355762
7.7500   7.7500   0.1200   8355737
7.7500   7.7500   0.7800   8355736
7.7500   7.7500   0.8350   8355762
7.7500   7.8000   0.0650   8362162
7.7500   7.8000   0.1200   8362137
7.7500   7.8000   0.1750   8362111
7.7500   7.8000   0.7250   8362111
7.7500   7.8000   0.7800   8362136
7.7500   7.8000   0.8350   8362162
7.7500   7.8500   0.1200   8368793
7.7500   7.8500   0.1750   8368767
7.7500   7.8500   0.2300   8368742
7.7500   7.8500   0.6700   8368741
7.7500   7.8500   0.7250   8368767
7.7500   7.8500   0.7800   8368792
7.7500   7.9000   0.2300   8375142
7.7500   7.9000   0.2850   8375116
7.7500   7.9000   0.3400   8375091
7.7500   7.9000   0.3950   8375065
7.7500   7.9000   0.4500   8375040
7.7500   7.9000   0.5050   8375065
7.7500   7.9000   0.5600   8375090
7.7500   7.9000   0.6150   8375116
7.7500   7.9000   0.6700   8375141
7.7500   7.9500   0.3400   8381747
7.7500   7.9500   0.3950   8381721
7.7500   7.9500   0.4500   8381696
7.7500   7.9500   0.5050   8381721
7.7500   7.9500   0.5600   8381746
7.8000   7.1000   0.2850   10013772
7.8000   7.1000   0.3400   10013747
7.8000   7.1000   0.3950   10013721
7.8000   7.1000   0.4500   10013696
7.8000   7.1000   0.5050   10013721
7.8000   7.1000   0.5600   10013746
7.8000   7.1000   0.6150   10013772
7.8000   7.1500   0.1750   10007167
7.8000   7.1500   0.2300   10007142
7.8000   7.1500   0.2850   10007116
7.8000   7.1500   0.3400   10007091
7.8000   7.1500   0.3950   10007065
7.8000   7.1500   0.4500   10007040
7.8000   7.1500   0.5050   10007065
7.8000   7.1500   0.5600   10007090
7.8000   7.1500   0.6150   10007116
7.8000   7.1500   0.6700   10007141
7.8000   7.1500   0.7250   10007167
7.8000   7.2000   0.1200   10000793
7.8000   7.2000   0.1750   10000767
7.8000   7.2000   0.2300   10000742
7.8000   7.2000   0.6700   10000741
7.8000   7.2000   0.7250   10000767
7.8000   7.2000   0.7800   10000792
7.8000   7.2500   0.0650   9994162
7.8000   7.2500   0.1200   9994137
7.8000   7.2500   0.1750   9994111
7.8000   7.2500   0.7250   9994111
7.8000   7.2500   0.7800   9994136
7.8000   7.2500   0.8350   9994162
7.8000   7.3000   0.0650   9987762
7.8000   7.3000   0.1200   9987737
7.8000   7.3000   0.7800   9987736
7.8000   7.3000   0.8350   9987762
7.8000   7.3500   0.0100   9981132
7.8000   7.3500   0.0650   9981106
7.8000   7.3500   0.8350   9981106
7.8000   7.3500   0.8900   9981131
7.8000   7.4000   0.0100   9974732
7.8000   7.4000   0.0650   9974706
7.8000   7.4000   0.8350   9974706
7.8000   7.4000   0.8900   9974731
7.8000   7.4500   0.0100   9968076
7.8000   7.4500   0.0650   9968050
7.8000   7.4500   0.8350   9968050
7.8000   7.4500   0.8900   9968075
7.8000   7.5000   0.0100   9961676
7.8000   7.5000   0.0650   9961650
7.8000   7.5000   0.8350   9961650
7.8000   7.5000   0.8900   9961675
7.8000   7.5500   0.0100   9968076
7.8000   7.5500   0.0650   9968050
7.8000   7.5500   0.8350   9968050
7.8000   7.5500   0.8900   9968075
7.8000   7.6000   0.0100   9974476
7.8000   7.6000   0.0650   9974450
7.8000   7.6000   0.8350   9974450
7.8000   7.6000   0.8900   9974475
7.8000   7.6500   0.0100   9981132
7.8000   7.6500   0.0650   9981106
7.8000   7.6500   0.8350   9981106
7.8000   7.6500   0.8900   9981131
7.8000   7.7000   0.0650   9987506
7.8000   7.7000   0.1200   9987481
7.8000   7.7000   0.7800   9987480
7.8000   7.7000   0.8350   9987506
7.8000   7.7500   0.0650   9994162
7.8000   7.7500   0.1200   9994137
7.8000   7.7500   0.1750   9994111
7.8000   7.7500   0.7250   9994111
7.8000   7.7500   0.7800   9994136
7.8000   7.7500   0.8350   9994162
7.8000   7.8000   0.1200   10000537
7.8000   7.8000   0.1750   10000511
7.8000   7.8000   0.2300   10000486
7.8000   7.8000   0.6700   10000485
7.8000   7.8000   0.7250   10000511
7.8000   7.8000   0.7800   10000536
7.8000   7.8500   0.1750   10007167
7.8000   7.8500   0.2300   10007142
7.8000   7.8500   0.2850   10007116
7.8000   7.8500   0.3400   10007091
7.8000   7.8500   0.3950   10007065
7.8000   7.8500   0.4500   10007040
7.8000   7.8500   0.5050   10007065
7.8000   7.8500   0.5600   10007090
7.8000   7.8500   0.6150   10007116
7.8000   7.8500   0.6700   10007141
7.8000   7.8500   0.7250   10007167
7.8000   7.9000   0.2850   10013516
7.8000   7.9000   0.3400   10013491
7.8000   7.9000   0.3950   10013465
7.8000   7.9000   0.4500   10013440
7.8000   7.9000   0.5050   10013465
7.8000   7.9000   0.5600   10013490
7.8000   7.9000   0.6150   10013516
7.8500   7.1500   0.2850   11711052
7.8500   7.1500   0.3400   11711027
7.8500   7.1500   0.3950   11711001
7.8500   7.1500   0.4500   11710976
7.8500   7.1500   0.5050   11711001
7.8500   7.1500   0.5600   11711026
7.8500   7.1500   0.6150   11711052
7.8500   7.2000   0.1750   11704703
7.8500   7.2000   0.2300   11704678
7.8500   7.2000   0.2850   11704652
7.8500   7.2000   0.3400   11704627
7.8500   7.2000   0.3950   11704601
7.8500   7.2000   0.4500   11704576
7.8500   7.2000   0.5050   11704601
7.8500   7.2000   0.5600   11704626
7.8500   7.2000   0.6150   11704652
7.8500   7.2000   0.6700   11704677
7.8500   7.2000   0.7250   11704703
7.8500   7.2500   0.1200   11698073
7.8500   7.2500   0.1750   11698047
7.8500   7.2500   0.2300   11698022
7.8500   7.2500   0.6700   11698021
7.8500   7.2500   0.7250   11698047
7.8500   7.2500   0.7800   11698072
7.8500   7.3000   0.1200   11691673
7.8500   7.3000   0.1750   11691647
7.8500   7.3000   0.7250   11691647
7.8500   7.3000   0.7800   11691672
7.8500   7.3500   0.0650   11685042
7.8500   7.3500   0.1200   11685017
7.8500   7.3500   0.7800   11685016
7.8500   7.3500   0.8350   11685042
7.8500   7.4000   0.0650   11678642
7.8500   7.4000   0.1200   11678617
7.8500   7.4000   0.7800   11678616
7.8500   7.4000   0.8350   11678642
7.8500   7.4500   0.0650   11671986
7.8500   7.4500   0.1200   11671961
7.8500   7.4500   0.7800   11671960
7.8500   7.4500   0.8350   11671986
7.8500   7.5000   0.0650   11665586
7.8500   7.5000   0.1200   11665561
7.8500   7.5000   0.7800   11665560
7.8500   7.5000   0.8350   11665586
7.8500   7.5500   0.0650   11671986
7.8500   7.5500   0.1200   11671961
7.8500   7.5500   0.7800   11671960
7.8500   7.5500   0.8350   11671986
7.8500   7.6000   0.0650   11678386
7.8500   7.6000   0.1200   11678361
7.8500   7.6000   0.7800   11678360
7.8500   7.6000   0.8350   11678386
7.8500   7.6500   0.0650   11685042
7.8500   7.6500   0.1200   11685017
7.8500   7.6500   0.7800   11685016
7.8500   7.6500   0.8350   11685042
7.8500   7.7000   0.1200   11691417
7.8500   7.7000   0.1750   11691391
7.8500   7.7000   0.7250   11691391
7.8500   7.7000   0.7800   11691416
7.8500   7.7500   0.1200   11698073
7.8500   7.7500   0.1750   11698047
7.8500   7.7500   0.2300   11698022
7.8500   7.7500   0.6700   11698021
7.8500   7.7500   0.7250   11698047
7.8500   7.7500   0.7800   11698072
7.8500   7.8000   0.1750   11704447
7.8500   7.8000   0.2300   11704422
7.8500   7.8000   0.2850   11704396
7.8500   7.8000   0.3400   11704371
7.8500   7.8000   0.3950   11704345
7.8500   7.8000   0.4500   11704320
7.8500   7.8000   0.5050   11704345
7.8500   7.8000   0.5600   11704370
7.8500   7.8000   0.6150   11704396
7.8500   7.8000   0.6700   11704421
7.8500   7.8000   0.7250   11704447
7.8500   7.8500   0.2850   11711052
7.8500   7.8500   0.3400   11711027
7.8500   7.8500   0.3950   11711001
7.8500   7.8500   0.4500   11710976
7.8500   7.8500   0.5050   11711001
7.8500   7.8500   0.5600   11711026
7.8500   7.8500   0.6150   11711052
7.9000   7.2000   0.2850   13343052
7.9000   7.2000   0.3400   13343027
7.9000   7.2000   0.3950   13343001
7.9000   7.2000   0.4500   13342976
7.9000   7.2000   0.5050   13343001
7.9000   7.2000   0.5600   13343026
7.9000   7.2000   0.6150   13343052
7.9000   7.2500   0.2300   13336422
7.9000   7.2500   0.2850   13336396
7.9000   7.2500   0.3400   13336371
7.9000   7.2500   0.3950   13336345
7.9000   7.2500   0.4500   13336320
7.9000   7.2500   0.5050   13336345
7.9000   7.2500   0.5600   13336370
7.9000   7.2500   0.6150   13336396
7.9000   7.2500   0.6700   13336421
7.9000   7.3000   0.1750   13330047
7.9000   7.3000   0.2300   13330022
7.9000   7.3000   0.2850   13329996
7.9000   7.3000   0.6150   13329996
7.9000   7.3000   0.6700   13330021
7.9000   7.3000   0.7250   13330047
7.9000   7.3500   0.1200   13323417
7.9000   7.3500   0.1750   13323391
7.9000   7.3500   0.2300   13323366
7.9000   7.3500   0.6700   13323365
7.9000   7.3500   0.7250   13323391
7.9000   7.3500   0.7800   13323416
7.9000   7.4000   0.1200   13317017
7.9000   7.4000   0.1750   13316991
7.9000   7.4000   0.7250   13316991
7.9000   7.4000   0.7800   13317016
7.9000   7.4500   0.1200   13310361
7.9000   7.4500   0.1750   13310335
7.9000   7.4500   0.7250   13310335
7.9000   7.4500   0.7800   13310360
7.9000   7.5000   0.1200   13303961
7.9000   7.5000   0.1750   13303935
7.9000   7.5000   0.7250   13303935
7.9000   7.5000   0.7800   13303960
7.9000   7.5500   0.1200   13310361
7.9000   7.5500   0.1750   13310335
7.9000   7.5500   0.7250   13310335
7.9000   7.5500   0.7800   13310360
7.9000   7.6000   0.1200   13316761
7.9000   7.6000   0.1750   13316735
7.9000   7.6000   0.7250   13316735
7.9000   7.6000   0.7800   13316760
7.9000   7.6500   0.1200   13323417
7.9000   7.6500   0.1750   13323391
7.9000   7.6500   0.2300   13323366
7.9000   7.6500   0.6700   13323365
7.9000   7.6500   0.7250   13323391
7.9000   7.6500   0.7800   13323416
7.9000   7.7000   0.1750   13329791
7.9000   7.7000   0.2300   13329766
7.9000   7.7000   0.2850   13329740
7.9000   7.7000   0.6150   13329740
7.9000   7.7000   0.6700   13329765
7.9000   7.7000   0.7250   13329791
7.9000   7.7500   0.2300   13336422
7.9000   7.7500   0.2850   13336396
7.9000   7.7500   0.3400   13336371
7.9000   7.7500   0.3950   13336345
7.9000   7.7500   0.4500   13336320
7.9000   7.7500   0.5050   13336345
7.9000   7.7500   0.5600   13336370
7.9000   7.7500   0.6150   13336396
7.9000   7.7500   0.6700   13336421
7.9000   7.8000   0.2850   13342796
7.9000   7.8000   0.3400   13342771
7.9000   7.8000   0.3950   13342745
7.9000   7.8000   0.4500   13342720
7.9000   7.8000   0.5050   13342745
7.9000   7.8000   0.5600   13342770
7.9000   7.8000   0.6150   13342796
7.9500   7.2500   0.3400   15040307
7.9500   7.2500   0.3950   15040281
7.9500   7.2500   0.4500   15040256
7.9500   7.2500   0.5050   15040281
7.9500   7.2500   0.5600   15040306
7.9500   7.3000   0.2850   15033932
7.9500   7.3000   0.3400   15033907
7.9500   7.3000   0.3950   15033881
7.9500   7.3000   0.4500   15033856
7.9500   7.3000   0.5050   15033881
7.9500   7.3000   0.5600   15033906
7.9500   7.3000   0.6150   15033932
7.9500   7.3500   0.2300   15027302
7.9500   7.3500   0.2850   15027276
7.9500   7.3500   0.3400   15027251
7.9500   7.3500   0.3950   15027225
7.9500   7.3500   0.4500   15027200
7.9500   7.3500   0.5050   15027225
7.9500   7.3500   0.5600   15027250
7.9500   7.3500   0.6150   15027276
7.9500   7.3500   0.6700   15027301
7.9500   7.4000   0.1750   15020927
7.9500   7.4000   0.2300   15020902
7.9500   7.4000   0.2850   15020876
7.9500   7.4000   0.3400   15020851
7.9500   7.4000   0.3950   15020825
7.9500   7.4000   0.4500   15020800
7.9500   7.4000   0.5050   15020825
7.9500   7.4000   0.5600   15020850
7.9500   7.4000   0.6150   15020876
7.9500   7.4000   0.6700   15020901
7.9500   7.4000   0.7250   15020927
7.9500   7.4500   0.1750   15014271
7.9500   7.4500   0.2300   15014246
7.9500   7.4500   0.2850   15014220
7.9500   7.4500   0.3400   15014195
7.9500   7.4500   0.5600   15014194
7.9500   7.4500   0.6150   15014220
7.9500   7.4500   0.6700   15014245
7.9500   7.4500   0.7250   15014271
7.9500   7.5000   0.1750   15007871
7.9500   7.5000   0.2300   15007846
7.9500   7.5000   0.2850   15007820
7.9500   7.5000   0.3400   15007795
7.9500   7.5000   0.5600   15007794
7.9500   7.5000   0.6150   15007820
7.9500   7.5000   0.6700   15007845
7.9500   7.5000   0.7250   15007871
7.9500   7.5500   0.1750   15014271
7.9500   7.5500   0.2300   15014246
7.9500   7.5500   0.2850   15014220
7.9500   7.5500   0.3400   15014195
7.9500   7.5500   0.5600   15014194
7.9500   7.5500   0.6150   15014220
7.9500   7.5500   0.6700   15014245
7.9500   7.5500   0.7250   15014271
7.9500   7.6000   0.1750   15020671
7.9500   7.6000   0.2300   15020646
7.9500   7.6000   0.2850   15020620
7.9500   7.6000   0.3400   15020595
7.9500   7.6000   0.3950   15020569
7.9500   7.6000   0.4500   15020544
7.9500   7.6000   0.5050   15020569
7.9500   7.6000   0.5600   15020594
7.9500   7.6000   0.6150   15020620
7.9500   7.6000   0.6700   15020645
7.9500   7.6000   0.7250   15020671
7.9500   7.6500   0.2300   15027302
7.9500   7.6500   0.2850   15027276
7.9500   7.6500   0.3400   15027251
7.9500   7.6500   0.3950   15027225
7.9500   7.6500   0.4500   15027200
7.9500   7.6500   0.5050   15027225
7.9500   7.6500   0.5600   15027250
7.9500   7.6500   0.6150   15027276
7.9500   7.6500   0.6700   15027301
7.9500   7.7000   0.2850   15033676
7.9500   7.7000   0.3400   15033651
7.9500   7.7000   0.3950   15033625
7.9500   7.7000   0.4500   15033600
7.9500   7.7000   0.5050   15033625
7.9500   7.7000   0.5600   15033650
7.9500   7.7000   0.6150   15033676
7.9500   7.7500   0.3400   15040307
7.9500   7.7500   0.3950   15040281
7.9500   7.7500   0.4500   15040256
7.9500   7.7500   0.5050   15040281
7.9500   7.7500   0.5600   15040306
8.0000   7.3500   0.3950   16665625
8.0000   7.3500   0.4500   16665600
8.0000   7.3500   0.5050   16665625
8.0000   7.4000   0.3400   16659251
8.0000   7.4000   0.3950   16659225
8.0000   7.4000   0.4500   16659200
8.0000   7.4000   0.5050   16659225
8.0000   7.4000   0.5600   16659250
8.0000   7.4500   0.2850   16652620
8.0000   7.4500   0.3400   16652595
8.0000   7.4500   0.3950   16652569
8.0000   7.4500   0.4500   16652544
8.0000   7.4500   0.5050   16652569
8.0000   7.4500   0.5600   16652594
8.0000   7.4500   0.6150   16652620
8.0000   7.5000   0.2850   16646220
8.0000   7.5000   0.3400   16646195
8.0000   7.5000   0.3950   16646169
8.0000   7.5000   0.4500   16646144
8.0000   7.5000   0.5050   16646169
8.0000   7.5000   0.5600   16646194
8.0000   7.5000   0.6150   16646220
8.0000   7.5500   0.2850   16652620
8.0000   7.5500   0.3400   16652595
8.0000   7.5500   0.3950   16652569
8.0000   7.5500   0.4500   16652544
8.0000   7.5500   0.5050   16652569
8.0000   7.5500   0.5600   16652594
8.0000   7.5500   0.6150   16652620
8.0000   7.6000   0.3400   16658995
8.0000   7.6000   0.3950   16658969
8.0000   7.6000   0.4500   16658944
8.0000   7.6000   0.5050   16658969
8.0000   7.6000   0.5600   16658994
8.0000   7.6500   0.3950   16665625
8.0000   7.6500   0.4500   16665600
8.0000   7.6500   0.5050   16665625
